139818 28423 52
399023 28423 33
411301 56151 27
183717 176965 26
437915 97001 25
439808 28423 25
11981 426745 22
382500 2977 22
340662 339878 21
139818 56151 21
86316 28423 21
115292 28423 20
280632 397322 20
360734 326468 20
138330 28423 19
414779 45848 19
362156 304355 19
283567 56151 19
229564 28423 18
161974 45848 18
30967 56151 18
429593 56151 18
321280 123198 17
427148 56151 17
328799 176965 17
131739 28423 17
57450 23364 17
264225 28423 16
41597 56151 16
243160 176965 16
130194 142786 16
286475 28423 16
43535 28423 16
283567 28423 16
23364 28423 16
340412 28423 15
239995 146812 15
390534 56151 15
256953 28423 15
328799 28423 15
322253 28423 15
286714 176965 14
408307 176965 14
422172 106612 14
32443 34914 14
32306 28423 14
69737 45848 14
61857 45848 14
348867 227356 14
342569 28423 14
195745 103785 14
37746 28423 14
448109 339878 14
351883 56151 14
185964 45848 14
340818 47134 14
69367 28423 14
102972 28423 13
141943 28423 13
150316 176965 13
187916 28423 13
62601 28423 13
318774 66544 13
40161 28423 13
213324 344158 13
37535 61260 13
195887 28423 13
422006 56151 13
163757 28423 13
62551 23364 13
231222 45848 13
375352 11981 13
275086 28423 13
69117 56151 12
252177 56151 12
158602 28423 12
99983 28423 12
280729 28423 12
139818 45848 12
83454 45848 12
455506 181200 12
362911 2977 12
81360 56151 12
10893 37746 12
37648 28423 12
129517 339878 12
139079 34914 12
110841 28423 12
299786 176965 12
156016 66544 12
217470 28423 12
178232 28423 12
436712 23364 11
1608 150316 11
123198 28423 11
62955 45848 11
414779 28423 11
2679 28423 11
69117 23364 11
248108 28423 11
390534 28423 11
66501 28423 11
215221 28423 11
380782 28423 11
454270 28423 11
223018 45848 11
183717 28423 11
28051 23364 11
135467 176965 11
16400 28423 11
176965 28423 11
58583 97001 11
437915 264225 11
342569 2977 11
187916 237900 11
223456 28423 11
237900 28423 11
38567 28423 10
414779 119513 10
331774 66544 10
87516 23364 10
248108 181200 10
177951 28423 10
275183 288032 10
404865 31483 10
173874 56151 10
109106 116609 10
196322 20191 10
284519 399617 10
380704 74770 10
339878 28423 10
454762 28423 10
127859 141943 10
304831 28423 10
264225 56151 10
345538 56151 10
242281 28423 10
425842 45848 10
240340 104912 10
234717 397322 10
37648 119513 10
304172 89157 10
30967 28423 10
170087 56151 10
5078 62601 10
385404 31483 10
258223 28423 10
312907 181200 10
174366 28423 10
109106 426745 10
408307 123198 10
147355 146812 10
82385 28423 10
306074 28423 10
155199 28423 10
56151 28423 10
53717 28423 10
143627 152195 10
3922 28423 10
393389 123198 10
2956 176965 10
20271 56151 9
143202 56151 9
66501 64950 9
116895 56151 9
50416 28423 9
67962 56151 9
380493 28423 9
248092 56151 9
273286 28423 9
293619 155199 9
58583 28423 9
142280 181200 9
97001 28423 9
17752 28423 9
380044 28423 9
23463 28423 9
83454 28423 9
258927 56151 9
143084 56151 9
116528 28423 9
173937 28423 9
310782 23364 9
71815 412940 9
134210 28423 9
349874 56151 9
412940 56151 9
46828 28423 9
350652 28423 9
179230 382257 9
264225 7052 9
62551 181200 9
105428 11981 9
398711 28423 9
251991 310074 9
9282 56151 9
380880 28423 9
132859 28423 9
228880 56151 9
143538 176965 9
143319 141943 9
131739 176965 9
390534 16311 9
455506 28423 9
390534 7052 9
339737 28423 9
134559 11981 9
62551 176965 9
256386 45848 9
288798 28423 9
116609 28423 9
289302 28423 9
81645 181200 9
272480 397322 9
373402 28423 9
423036 2977 9
305266 56151 9
318774 56151 9
224148 434109 9
200975 28423 9
392452 141943 9
400467 28423 8
450163 6059 8
413053 62601 8
40843 28423 8
199471 31483 8
166910 28423 8
187269 28423 8
67164 28423 8
62551 90381 8
232034 56151 8
60320 28423 8
403473 206399 8
107332 319475 8
445730 50328 8
60135 45848 8
177287 28423 8
330056 28423 8
236250 37746 8
94763 56151 8
161802 56151 8
306103 116609 8
378526 28423 8
150284 28423 8
44187 45848 8
333959 31483 8
37746 56151 8
181024 323483 8
356394 241572 8
288670 264225 8
66501 45848 8
155199 293619 8
131739 379068 8
16311 28423 8
245483 28423 8
57914 56151 8
265959 56151 8
120820 28423 8
28152 28423 8
213594 28423 8
316602 56151 8
343384 9030 8
131739 34914 8
19235 11981 8
143221 45848 8
326989 28423 8
243160 28423 8
146809 62601 8
227839 23364 8
108575 28423 8
395347 452119 8
347515 56824 8
100583 28423 8
265959 28423 8
63072 56151 8
213544 28423 8
131739 181200 8
449185 33070 8
368443 45848 8
394970 80135 8
407886 329726 8
200909 139818 8
275086 45848 8
114915 28423 8
19235 380967 8
399023 54380 8
386797 1206 8
214243 177932 8
131093 301714 8
432499 56151 8
232505 56151 8
374582 23364 8
189806 45848 8
408307 34914 8
64950 66501 8
299415 28423 8
284491 353348 8
74438 56151 8
368130 28423 8
139818 33070 8
288050 28423 8
314656 28423 7
292065 56151 7
99494 45848 7
312907 28423 7
166007 28423 7
123830 45848 7
218003 11981 7
440599 28423 7
90776 411366 7
345538 28423 7
217203 120820 7
449185 54380 7
160252 56151 7
379118 28423 7
167540 28423 7
393389 28423 7
346951 126841 7
93607 33070 7
99389 102426 7
105481 28423 7
435940 166007 7
176965 45848 7
212723 237900 7
107788 22813 7
112155 28423 7
275086 56151 7
394970 176965 7
152912 56151 7
173763 28423 7
409237 28423 7
172653 426745 7
353513 40807 7
237900 90381 7
255871 56151 7
217470 339878 7
96587 123198 7
45864 28423 7
148800 248930 7
276954 28423 7
151298 56151 7
156303 56151 7
179693 339878 7
276990 28423 7
237900 181200 7
202752 212988 7
315191 212988 7
440599 23364 7
100279 28423 7
286714 28423 7
134559 426745 7
79414 28423 7
101465 28423 7
141943 56151 7
62551 28423 7
313174 176965 7
47074 13383 7
227914 28423 7
28051 34914 7
406007 394303 7
323796 28423 7
305720 212988 7
117269 28423 7
290459 28423 7
80089 28423 7
422486 88254 7
423936 28423 7
435204 54380 7
221155 248930 7
356469 76199 7
448120 33070 7
293619 243160 7
361062 56151 7
90063 28423 7
216987 28423 7
28057 57466 7
126848 68686 7
249955 448690 7
183070 28423 7
313924 393389 7
23364 45848 7
293619 28423 7
225743 56151 7
105428 2977 7
408307 28423 7
131739 43535 7
350101 212988 7
176965 56151 7
367688 181200 7
448120 28423 7
173937 181200 7
246996 212988 7
220835 28423 7
18225 56151 7
154851 28423 7
92239 339878 7
408307 181200 7
176022 176248 7
348272 28423 7
450180 142613 7
117261 180046 7
219758 56151 7
131739 293619 7
164103 28423 7
192115 23364 7
22037 16311 7
318970 56151 7
205759 28423 7
318774 181200 7
119449 28423 7
422103 161752 7
74570 57466 7
155045 37746 7
315876 45848 7
298031 4920 7
361331 145186 7
45445 28423 7
56704 28423 7
302534 28423 7
108509 4580 7
90063 56151 7
322269 319475 7
269288 339878 7
450704 176965 7
297434 28423 7
96653 28423 7
92745 28423 7
281112 28423 7
140972 28423 7
169132 56151 7
143627 65649 7
158602 45848 7
274317 28423 7
13383 28423 7
306901 28423 7
409574 61457 7
143627 152185 7
88351 45848 7
246420 212988 7
246761 446221 7
389697 56151 7
13754 97001 7
161752 28423 7
449185 56151 7
196322 102731 7
143989 28423 7
44025 28423 7
342965 212988 7
310577 31483 7
20902 28423 7
194357 171183 7
183717 181200 7
134191 188427 6
161765 66544 6
14012 56151 6
21008 176965 6
248451 23364 6
385325 28423 6
287354 158602 6
39817 28423 6
251125 193707 6
203327 28423 6
17801 326468 6
301194 28423 6
7136 1492 6
387756 123198 6
259718 28423 6
371856 80089 6
50881 28423 6
230691 28423 6
265442 141943 6
173482 28423 6
313924 123198 6
6689 703 6
213324 176965 6
21459 28423 6
60320 33070 6
322244 28423 6
136019 387354 6
189161 31043 6
170867 164103 6
277485 28423 6
182158 141943 6
422006 23364 6
114387 28423 6
114915 176965 6
233388 21360 6
413490 28423 6
285667 28423 6
99494 28423 6
34057 28423 6
38843 28423 6
441550 2977 6
377349 2977 6
82385 56151 6
329369 326379 6
43621 66544 6
455506 176965 6
108473 28423 6
81360 28423 6
286328 56151 6
378158 56151 6
390982 23364 6
43744 28423 6
261147 54380 6
18763 45848 6
308061 28423 6
409653 28423 6
266408 56151 6
168014 28423 6
72534 28423 6
67962 28423 6
448257 66544 6
324365 56151 6
17696 28423 6
340662 2679 6
243160 293619 6
203100 2977 6
49265 28423 6
320640 56151 6
291868 56151 6
377621 146812 6
427216 33070 6
216693 28423 6
192275 28423 6
326961 4807 6
318774 176965 6
196434 66544 6
201634 176965 6
84830 395591 6
296696 28423 6
63072 28423 6
67319 28423 6
57450 28423 6
243160 30967 6
76778 56151 6
408139 54380 6
124125 28423 6
37803 28423 6
91710 319475 6
17085 28423 6
80245 28423 6
314791 2977 6
212989 28423 6
378677 263571 6
426171 28423 6
126841 28423 6
280729 17978 6
448437 28423 6
450704 393389 6
344158 28423 6
360734 237143 6
185793 56151 6
248451 28423 6
218155 56151 6
323551 313095 6
18506 37746 6
191285 166007 6
304422 28423 6
265535 41979 6
392838 180046 6
123827 56151 6
287977 28423 6
212723 28423 6
163041 28423 6
163846 31483 6
313451 28423 6
356587 28423 6
43535 56151 6
102426 28423 6
322932 28423 6
86258 28423 6
430146 56151 6
135279 56151 6
76571 45848 6
409574 348845 6
244537 28423 6
179693 28423 6
15606 382405 6
129887 45848 6
4807 28423 6
140956 28423 6
203873 37746 6
137456 28423 6
321280 23364 6
140490 56151 6
443016 221064 6
376290 116609 6
1608 43535 6
437496 394303 6
390534 32280 6
157474 28423 6
58583 264225 6
156198 45848 6
25481 28423 6
120820 56151 6
349229 176965 6
223454 28423 6
116200 62601 6
342605 195745 6
84331 28423 6
116465 4807 6
387418 28423 6
227467 28423 6
172878 28423 6
424566 23364 6
174722 28423 6
432860 28423 6
181612 28423 6
18225 28423 6
423036 211495 6
350301 28423 6
155199 367104 6
237900 176965 6
281123 28423 6
265393 28423 6
198828 28423 6
271264 56151 6
382500 26868 6
227839 28423 6
236975 28423 6
380657 264225 6
352425 56151 6
441327 339878 6
322424 28423 6
131739 4807 6
232978 28423 6
209922 252114 6
128922 116609 6
96587 176965 6
232331 28423 6
283345 414478 6
270578 28423 6
9729 28423 6
346283 155989 6
1724 28423 6
347513 56151 6
112090 56151 6
195745 184430 6
213332 56151 6
70730 132399 6
445420 28423 6
37425 28423 6
261590 28423 6
449370 158602 6
427348 33070 6
428815 28423 6
360717 176965 6
117584 288253 6
135325 28423 6
243160 100619 6
390534 164103 6
142816 28423 6
420981 145063 6
366456 180046 6
81645 28423 6
47444 28423 6
281043 28423 6
209661 28423 6
31666 28423 6
99601 28423 6
30548 28423 6
233388 45848 6
125152 45848 6
151733 119513 6
346719 28423 6
327877 56151 6
411301 28423 6
445014 446221 6
32280 119513 6
383754 56151 6
147514 28423 6
215559 28423 6
121299 109727 6
23364 56151 6
315085 180046 6
192956 45848 6
275183 176965 6
313174 28423 6
447174 6805 6
81645 176965 6
125226 58267 6
2956 4807 6
40807 45848 6
188148 23364 6
267253 45848 6
300955 2977 6
304351 28423 6
342605 103785 6
94969 45848 6
138267 28423 6
23855 68686 6
201072 28423 5
158602 56151 5
34572 56151 5
297879 116609 5
388069 45848 5
248108 155199 5
292065 176965 5
277166 28423 5
191646 155989 5
51721 56151 5
429426 45848 5
325554 2977 5
150309 28423 5
438582 28423 5
140956 66544 5
53137 28423 5
441929 367038 5
394500 319475 5
76958 28423 5
186372 56151 5
104232 28423 5
450139 4807 5
383772 28423 5
44114 108162 5
182723 348142 5
366400 28423 5
438527 8788 5
270113 61457 5
110841 176965 5
188750 1987 5
390534 4807 5
290387 28423 5
235644 31483 5
284667 2548 5
305487 28423 5
32998 28423 5
324142 28423 5
38075 353348 5
437401 28423 5
138951 31483 5
451942 379068 5
11981 28423 5
139079 33070 5
331774 56151 5
377218 237900 5
4662 56151 5
343771 24011 5
346282 28423 5
267089 56151 5
134198 350652 5
9923 28423 5
176506 176965 5
397121 288253 5
388661 54380 5
2679 339878 5
245859 28423 5
4352 56151 5
373184 175834 5
82682 319475 5
172878 56824 5
101328 28423 5
117724 40672 5
318774 33070 5
275183 28423 5
275313 28423 5
83174 56151 5
185898 176248 5
315062 28423 5
328857 56151 5
310577 229634 5
306901 33070 5
413005 56151 5
315132 56151 5
300981 45848 5
176506 367104 5
142447 56151 5
88351 28423 5
420428 264915 5
296845 28423 5
248092 28423 5
378539 28423 5
28861 211495 5
155989 28423 5
46828 33070 5
388708 56151 5
131739 56151 5
97964 56151 5
40101 56151 5
275996 252114 5
65570 454333 5
108509 56151 5
390534 56824 5
207788 303198 5
222125 56151 5
306074 45848 5
217087 45848 5
177567 56151 5
27876 45848 5
58944 28423 5
428826 254424 5
353588 1492 5
219447 28423 5
372397 56151 5
288149 28423 5
148395 419078 5
418539 397322 5
186822 337371 5
33020 33070 5
398181 28423 5
419822 385153 5
157782 56151 5
139079 56151 5
102220 195745 5
68958 28423 5
117403 56151 5
451942 28423 5
87156 4807 5
25606 56151 5
326468 28423 5
208827 56151 5
317 28423 5
79075 28423 5
290524 116609 5
226909 28423 5
130624 28423 5
402673 28423 5
26250 56151 5
392011 56151 5
340818 443834 5
272480 237900 5
248108 174366 5
259654 28423 5
219188 380967 5
292065 28423 5
346381 250634 5
138048 4807 5
80831 56824 5
296119 10222 5
76778 23364 5
399959 187889 5
361659 56151 5
40843 45848 5
427028 4807 5
129251 28423 5
373184 15682 5
7187 28423 5
262781 23364 5
421684 116609 5
259846 28423 5
304172 33070 5
359996 56151 5
2191 28423 5
99424 28423 5
131287 28423 5
64937 2977 5
410302 28423 5
142016 28423 5
311368 28423 5
337302 302833 5
419770 56151 5
221851 56151 5
17801 360734 5
72738 28423 5
429540 37746 5
333952 33070 5
365100 175834 5
358068 66544 5
302293 28423 5
12433 9282 5
374434 146812 5
143609 34914 5
20924 36502 5
394970 28423 5
373948 15682 5
47863 28423 5
229980 376369 5
309478 383262 5
38328 377672 5
443002 33070 5
62179 56151 5
94106 141943 5
61658 45848 5
304172 28423 5
67822 56151 5
243160 205759 5
13383 176965 5
84153 45848 5
221675 28423 5
388263 28423 5
74137 45848 5
455553 57251 5
411335 28423 5
410892 9030 5
400622 56151 5
98264 28423 5
183238 103785 5
200909 164103 5
37746 45848 5
217203 121990 5
119641 45848 5
393062 56151 5
26250 33070 5
304351 56151 5
248309 56151 5
10788 36502 5
217604 23364 5
18239 28423 5
50028 426745 5
39004 45848 5
211495 28423 5
278671 28423 5
227839 56151 5
328799 181200 5
243160 181200 5
21262 28423 5
102579 45848 5
286251 28423 5
32822 66544 5
77813 28423 5
432872 28423 5
364089 28423 5
59958 28423 5
41810 4807 5
419490 45848 5
221350 176965 5
110177 358018 5
123114 28423 5
71076 28423 5
354742 28423 5
50555 28423 5
177287 178257 5
131739 174366 5
21021 28423 5
177298 181200 5
331354 56151 5
122276 28423 5
304172 56151 5
68172 28423 5
21237 28423 5
238985 4807 5
109106 2977 5
410788 28423 5
177101 28423 5
107650 28423 5
46376 28423 5
242198 176965 5
32998 56151 5
237295 188132 5
43522 28423 5
446997 142613 5
180690 43535 5
79734 159663 5
411761 4807 5
194954 28423 5
307393 106612 5
322253 176965 5
235537 28423 5
361659 176965 5
34914 28423 5
389578 342569 5
32531 28423 5
82187 252114 5
213461 2977 5
366306 198934 5
393389 280198 5
274739 28423 5
100898 4391 5
446612 28423 5
183238 195745 5
327486 28423 5
99287 6787 5
176965 23364 5
119513 56151 5
408916 28423 5
227839 45848 5
44943 319420 5
216756 28423 5
109886 56151 5
149022 28423 5
125635 123198 5
268291 56824 5
91013 56151 5
68889 56151 5
355768 340098 5
360734 28423 5
327208 2977 5
235537 45848 5
31973 28423 5
2349 45848 5
9282 33070 5
325828 261100 5
267069 56151 5
154580 28423 5
246328 28423 5
447588 28423 5
187255 28423 5
206800 180046 5
304349 426077 5
167321 4807 5
362267 179565 5
16746 33070 5
50303 28423 5
302007 36502 5
152080 56151 5
346435 45848 5
354278 180046 5
110482 2977 5
115173 28423 5
339878 56151 5
296347 217637 5
408307 56151 5
316077 442011 5
162482 28423 5
145177 28423 5
365100 15682 5
362084 56151 5
278350 123383 5
273472 2977 5
59482 102426 5
43403 88254 5
210721 66544 5
316077 45848 5
135707 28423 5
390499 222865 5
454247 329726 5
2349 28423 5
119449 2977 5
408072 28423 5
282150 28423 5
131739 90381 5
271799 211417 5
426745 11981 5
91419 4807 5
418330 386438 5
237758 28423 5
131739 45848 5
256318 28423 5
63072 45848 5
47685 66544 5
440633 355744 5
9933 28423 5
300981 28423 5
282971 106377 5
112155 56151 5
29356 252114 5
251770 28423 5
426962 100324 5
312023 28423 5
53717 56151 5
1608 164103 5
9173 56151 5
179072 141943 5
36502 28423 5
287030 28423 5
243276 28423 5
270867 28423 5
131088 56151 5
307393 88516 5
152888 6092 5
125100 446221 5
175834 78233 5
208128 97001 5
107284 56151 5
388458 33070 5
141943 45848 5
384690 359113 5
74438 28423 5
177932 28423 5
56151 45848 5
597 28423 5
319326 264225 5
423750 42968 5
253573 45848 5
295458 28423 5
290688 28423 5
4088 56151 5
219983 28423 5
30177 28423 5
44929 28423 5
364674 176965 5
372563 33070 5
2143 28423 5
219447 56151 5
187548 7052 5
217087 28423 5
126310 4807 5
343861 165762 5
15207 178523 5
231858 181772 5
263157 45848 5
299713 28423 5
117191 28423 5
440089 33070 5
147273 28423 5
181200 293619 5
274754 33070 5
275313 45848 5
77382 28423 5
134865 180046 5
286289 180046 5
224252 28423 5
390534 33070 5
62551 56151 5
213544 56151 5
50222 28423 5
99389 56151 5
383145 28423 5
376114 28423 5
62601 45848 5
212251 212205 5
84899 28423 5
40356 28423 5
218440 57990 5
125781 453527 5
105855 28423 5
323055 21456 5
248812 56151 5
259969 98758 5
71541 28423 5
2143 56151 5
268984 28423 5
370 28423 5
177296 56151 5
149793 28423 5
339878 45848 5
187051 264225 5
24242 28423 5
92695 28423 5
310348 28423 5
249332 116609 5
50077 28423 5
143609 45848 5
243160 155199 5
369246 141943 5
115114 28423 5
346648 56151 5
54441 28423 5
302151 56151 5
19235 45848 5
440089 23364 5
304543 123198 5
349229 37746 5
415060 28423 5
92408 56151 5
2956 34914 5
121376 28423 5
205101 58267 5
58898 56151 5
385383 28423 5
41085 28423 5
454270 88254 5
246997 56151 5
22412 28423 5
260509 66544 5
122633 16311 5
353957 20191 5
318669 264225 5
267833 28423 5
234868 54380 5
363877 132399 5
238222 33070 5
112090 66544 5
375984 43425 5
302872 28423 5
264285 28423 5
223992 28423 5
208827 28423 5
251208 45848 5
81185 56151 5
294102 43699 5
325980 28423 5
25850 28423 5
285183 397322 5
265882 56151 5
454270 56151 5
177169 176965 5
143202 28423 5
46828 56824 5
332402 32866 5
422006 66700 5
217456 28423 5
365100 212205 5
108509 28423 5
360375 15682 5
377349 195745 5
182711 28423 5
176859 180046 5
108380 28423 5
290569 56151 5
153911 310074 5
159036 88254 5
18708 28423 5
165327 136641 5
272480 28423 5
22354 353348 5
334637 45848 5
117607 250634 5
43195 36502 5
282355 28423 5
290326 28423 5
62551 34914 5
202772 28423 4
221436 28423 4
88985 56151 4
285183 28423 4
21470 28423 4
68194 181200 4
398711 181200 4
258043 28423 4
252177 227300 4
415514 10294 4
282288 28423 4
419685 28423 4
116528 56151 4
400622 28423 4
424797 2977 4
282992 297239 4
311589 159663 4
435204 101393 4
12815 56151 4
247370 56151 4
423336 34914 4
386876 398218 4
222445 28423 4
329257 54380 4
436712 28423 4
110250 56151 4
32297 28423 4
204781 56151 4
150316 174366 4
325698 28423 4
76305 23364 4
155293 56151 4
424311 28423 4
96587 28423 4
405280 241297 4
156016 33070 4
345602 354523 4
238556 28423 4
23843 195745 4
290688 56151 4
354668 56151 4
383230 28423 4
361065 37746 4
299048 28423 4
261660 28423 4
181200 37746 4
240644 28423 4
172700 45848 4
257806 217637 4
413264 319475 4
33938 50056 4
165279 45848 4
386282 28423 4
211861 56151 4
297267 28423 4
246095 176965 4
159002 396200 4
189665 28423 4
286714 56151 4
268291 764 4
140151 28423 4
253646 213324 4
342491 221064 4
34892 56151 4
281890 28423 4
72761 43535 4
419773 124519 4
218333 28423 4
143780 31483 4
189605 4807 4
402287 102426 4
135903 288253 4
120549 33923 4
371689 52751 4
438140 56151 4
125642 28423 4
368165 28423 4
151298 23364 4
98938 28423 4
411648 28423 4
365784 376114 4
349571 236681 4
68437 28423 4
206212 28423 4
320640 45848 4
412257 176965 4
34771 28423 4
95844 28423 4
128148 28423 4
163190 28423 4
280509 11981 4
231044 10529 4
194507 195745 4
448109 156417 4
146804 28423 4
36888 119513 4
125652 28423 4
395967 28423 4
282114 33070 4
438894 28423 4
413952 56151 4
158602 176965 4
270086 28423 4
63034 4807 4
294118 28423 4
408747 33070 4
448101 28423 4
66501 64294 4
63431 42953 4
248108 379068 4
194567 28423 4
294965 28423 4
159491 33070 4
83454 23364 4
277852 31483 4
101604 23364 4
423336 28423 4
371081 1876 4
398041 187258 4
58338 181200 4
128752 28423 4
205571 28423 4
86117 56151 4
265268 28423 4
373265 28423 4
219635 418470 4
321280 181200 4
24012 28423 4
356394 9030 4
11238 28423 4
371689 28423 4
130501 33070 4
8146 45848 4
169283 180046 4
325649 31483 4
419456 217637 4
53662 28423 4
11981 50301 4
68194 37746 4
143084 33070 4
421684 217637 4
397121 28423 4
387127 405549 4
140956 56151 4
116312 28423 4
139818 176965 4
422006 100324 4
354663 28423 4
197108 56151 4
115893 28423 4
353423 392937 4
408982 73633 4
182617 28423 4
186989 28423 4
394303 45848 4
50713 141943 4
168247 9030 4
380678 454094 4
40359 151762 4
304818 28423 4
339818 28423 4
92206 56151 4
316208 180046 4
117875 28423 4
261621 28423 4
231171 161522 4
176339 45848 4
343250 28423 4
165509 43535 4
372450 28423 4
257648 56151 4
11721 28423 4
40843 4807 4
128853 32280 4
198636 28423 4
3922 56151 4
304172 45848 4
404928 100619 4
205344 36502 4
411475 284064 4
92239 18239 4
213324 28423 4
150482 339878 4
387756 393389 4
370445 214034 4
435204 6894 4
154872 395099 4
69789 28423 4
169773 28423 4
20902 56151 4
266895 23866 4
333463 106377 4
209309 223666 4
343106 28423 4
421684 195745 4
449992 62891 4
435182 56151 4
304172 56219 4
134559 354523 4
318774 319475 4
186960 26325 4
383618 123383 4
45100 106612 4
91419 45848 4
354859 56151 4
156108 28423 4
112491 28423 4
220831 45848 4
336720 392994 4
175712 45848 4
440832 56151 4
294919 28423 4
249721 176965 4
35519 176965 4
2420 28423 4
340242 28423 4
230601 319420 4
178008 9030 4
149793 56151 4
212723 187889 4
164644 155199 4
265707 84606 4
192638 425978 4
209725 28423 4
200294 1876 4
40161 146812 4
253812 28423 4
88351 125975 4
41597 45848 4
99609 28423 4
413801 28423 4
77454 23364 4
188212 28423 4
25130 173936 4
220235 180046 4
181612 7831 4
117177 56151 4
409574 11981 4
253017 703 4
208628 187889 4
55663 28423 4
246997 33070 4
173891 28423 4
35449 28423 4
152269 56151 4
65893 28423 4
164149 28423 4
158602 4807 4
344198 348845 4
369851 62843 4
281605 28423 4
226823 180046 4
83071 28423 4
5419 28423 4
209988 28423 4
441525 28423 4
16372 28423 4
234923 384440 4
303412 10835 4
274640 56151 4
391401 28423 4
352256 56151 4
26250 28423 4
392011 176965 4
444064 202612 4
403151 403137 4
265441 28423 4
65354 28423 4
102545 28423 4
326014 217637 4
410031 146812 4
77887 45848 4
265564 28423 4
392667 45848 4
240523 2977 4
340274 398734 4
322310 1492 4
307813 45848 4
242305 56151 4
123365 56824 4
220131 31483 4
189815 28423 4
27650 28423 4
303309 11981 4
29700 28423 4
139818 16311 4
403473 218416 4
417689 56151 4
13146 28423 4
114582 45848 4
387048 2977 4
301434 36502 4
272258 21360 4
223339 319475 4
42012 28423 4
269055 273380 4
197609 28423 4
211449 176965 4
273361 28423 4
449185 28423 4
32280 56151 4
139427 205759 4
150995 45848 4
291995 43732 4
409232 62601 4
171240 141943 4
432176 447239 4
340098 28423 4
221042 28423 4
159047 395664 4
213324 11981 4
300274 45848 4
420139 430662 4
33305 28423 4
51689 90381 4
261232 28423 4
27056 4807 4
18473 4807 4
236217 11981 4
7052 45848 4
151824 28423 4
41624 28423 4
393650 28423 4
394914 56151 4
426006 146812 4
166227 4807 4
121384 28423 4
101157 45848 4
304172 22227 4
226042 80135 4
90063 4807 4
273472 36502 4
338454 195745 4
375894 28423 4
138319 211417 4
278421 56151 4
390769 396200 4
36210 28423 4
371191 28423 4
304446 28423 4
416398 28423 4
282507 380967 4
432456 56151 4
408574 28423 4
37648 27364 4
288032 28423 4
436078 31483 4
7873 45848 4
396151 204935 4
287884 339878 4
349874 166007 4
113503 28423 4
248092 45848 4
163499 56151 4
237512 159351 4
385239 56151 4
362751 367691 4
109106 195745 4
387012 28423 4
373664 28423 4
420141 28423 4
53847 10222 4
262721 195745 4
392528 28423 4
387914 28423 4
27757 33923 4
423936 159967 4
240233 339878 4
446580 28423 4
262346 28423 4
177769 176248 4
44321 45848 4
82385 301154 4
295390 211495 4
152912 45848 4
126021 28423 4
232902 28423 4
324139 23545 4
97832 56151 4
232674 28423 4
426604 28423 4
418330 368806 4
453347 111586 4
244943 261380 4
413997 28423 4
361696 28423 4
155989 34914 4
421819 176965 4
348955 28423 4
259801 426745 4
182997 33070 4
274988 176248 4
450163 1206 4
172412 157836 4
26879 28423 4
28795 28423 4
397785 28423 4
399283 28423 4
406320 28423 4
9282 103785 4
2154 28423 4
58309 36502 4
161701 147312 4
127944 176965 4
13583 45848 4
354543 28423 4
30829 28423 4
155250 56151 4
356145 28423 4
311368 56151 4
29092 171688 4
32971 17978 4
205821 28423 4
236422 198934 4
195871 45848 4
383063 312117 4
72136 226757 4
39817 43732 4
14765 28423 4
44321 28423 4
96303 132399 4
213324 243160 4
215369 211495 4
380967 339737 4
411706 45848 4
214988 28423 4
96215 28423 4
106031 28423 4
245483 56151 4
406981 28423 4
268829 56151 4
282665 28423 4
328058 281308 4
35698 28423 4
422343 23364 4
130264 28423 4
158931 45848 4
6000 52310 4
352248 152307 4
153108 30436 4
112132 66544 4
242198 28423 4
410302 176965 4
311850 28423 4
53939 4807 4
327349 103739 4
396967 56151 4
128922 28423 4
158602 33070 4
139079 90381 4
426962 378494 4
364019 45848 4
115152 28423 4
246417 97001 4
109106 11981 4
658 56151 4
9282 28423 4
17085 4807 4
364771 195745 4
349618 372706 4
85493 41979 4
39817 56151 4
38775 33070 4
162281 217167 4
283685 28423 4
161802 28423 4
292744 344158 4
186846 28423 4
138571 176965 4
253017 119513 4
150316 28423 4
224530 56151 4
294010 195745 4
294118 56151 4
12070 28423 4
216877 28423 4
448109 28423 4
332933 45848 4
106385 176965 4
90849 102426 4
14464 28423 4
383145 176965 4
280729 235509 4
35505 28423 4
104226 56151 4
390982 28423 4
116625 28423 4
174366 176965 4
451821 28423 4
176506 181200 4
154535 33070 4
94859 88254 4
340823 28423 4
81579 28423 4
292477 28423 4
426962 55119 4
117418 379068 4
356394 205759 4
88351 56151 4
193543 167375 4
219525 28423 4
346887 288253 4
329970 28423 4
342283 2977 4
195871 56151 4
190185 28423 4
102958 198472 4
144873 28423 4
342166 28423 4
172019 28423 4
3530 28423 4
44720 221064 4
207361 28423 4
383754 373681 4
134210 56151 4
125152 4807 4
10995 56151 4
26063 56151 4
75722 176965 4
50301 56151 4
403230 28423 4
225781 66544 4
252211 28423 4
136046 28423 4
376292 146812 4
145354 28423 4
432299 176965 4
254635 43425 4
374243 8554 4
200975 39267 4
290947 28423 4
116781 28423 4
138534 114119 4
23364 164103 4
308142 56151 4
192589 28423 4
13101 28423 4
73221 28423 4
102897 222599 4
360375 399598 4
179693 340662 4
51721 23364 4
156303 28423 4
160867 28423 4
95522 2977 4
292852 45848 4
439740 46560 4
339037 28423 4
244978 355524 4
174673 28423 4
49823 1876 4
110841 34914 4
64950 28423 4
366537 119513 4
182222 28423 4
283703 28423 4
225212 31043 4
29598 28423 4
225472 28423 4
348473 40722 4
259622 245693 4
68172 56151 4
89268 28423 4
110841 181200 4
298234 28423 4
431570 45848 4
184430 103785 4
35330 227069 4
205759 45848 4
356986 186723 4
187916 433955 4
417614 116609 4
397241 56151 4
170396 159967 4
62428 28423 4
33020 398704 4
17221 176248 4
215419 180046 4
53126 56151 4
116384 13383 4
312205 56151 4
275920 28423 4
290387 56151 4
328857 28423 4
426962 288843 4
263652 45848 4
131093 28423 4
265173 295945 4
361062 45848 4
449185 39089 4
430165 42968 4
92472 45848 4
341471 45848 4
219188 11981 4
2977 28423 4
35519 181200 4
34131 366901 4
436078 217637 4
164445 28423 4
146706 433955 4
324801 2977 4
135007 122250 4
439136 28423 4
135383 116609 4
159181 28423 4
82682 28423 4
346392 125068 4
303232 66544 4
319737 187889 4
114387 45848 4
254598 56151 4
251436 33070 4
191544 28423 4
17615 28423 4
212751 33070 4
34341 44648 4
159930 33070 4
408184 56151 4
21456 28423 4
242198 120820 4
361331 162174 4
397121 3504 4
345054 28423 4
179796 4807 4
12252 28423 4
392854 209000 4
371672 107693 4
169132 33070 4
5640 28423 4
230779 33701 4
112678 66544 4
181200 155199 4
180394 45848 4
65049 28423 4
217720 180046 4
282262 60195 4
7100 56151 4
238957 28423 4
163786 28423 4
216726 176248 4
133781 4807 4
305585 116609 4
72279 4807 4
275282 28423 4
143072 28423 4
372385 399617 4
375804 376114 4
329791 28423 4
436325 65649 4
6805 28423 4
167870 703 4
212723 177932 4
379895 50328 4
377349 426745 4
435472 28423 4
44404 56151 4
79700 11981 4
19427 28423 4
108779 28423 4
234669 28423 4
116895 28423 4
274559 28423 4
41394 28423 4
236190 106377 4
224317 28423 4
103256 28423 4
164614 28423 4
180274 384967 4
158602 2977 4
153856 56151 4
454601 28423 4
344675 28423 4
95364 28423 4
271307 28423 4
144273 28423 4
90636 37746 4
419916 45848 4
146269 28423 4
85330 372982 4
181818 4807 4
215782 31483 4
361435 28423 4
26522 45848 4
257164 28423 4
360717 45848 4
438500 180046 4
128148 56151 4
16302 28423 4
33923 194464 4
204913 21360 4
219413 45848 4
173874 28423 4
106861 23364 4
65065 28423 4
91140 56151 4
383896 252114 4
150260 28423 4
106720 319475 4
313924 28423 4
2143 119513 4
30967 181200 4
263631 28423 4
359195 90381 4
102302 45848 4
96653 2977 4
190234 28423 4
350312 259564 4
118013 28423 4
160910 413508 4
362095 28423 4
225286 28423 4
143538 123198 4
19282 28423 4
391565 73633 4
215232 142613 4
382241 438575 4
294685 45848 4
392011 254424 4
299680 28423 4
103272 56151 4
387227 388775 4
257156 80135 4
14012 28423 4
235681 11981 4
32998 45848 4
395105 268 4
354861 102426 4
7447 4807 4
453592 56151 4
354742 120549 4
17752 80089 4
293619 159967 4
275087 42968 4
126677 28423 4
46612 293619 4
323483 139818 4
398327 28423 4
302872 40660 4
302151 45848 4
286349 28423 4
196322 1940 4
164887 173360 4
130508 259241 4
294188 45286 4
361145 28423 4
134559 36502 4
431054 28423 4
229040 28423 4
168473 39499 4
164660 160960 4
26774 354166 4
340425 379068 4
10995 45848 4
406310 28423 4
265420 45848 4
140022 28423 4
350605 28423 4
321280 56151 4
191005 56151 4
275086 66544 4
379239 28423 4
267197 31483 4
302151 28423 4
450704 379068 4
139478 140793 4
386293 66544 4
317194 55574 4
9269 217325 4
441248 28423 4
200714 2977 4
261147 30010 4
18225 120549 4
237900 288253 4
368868 28423 4
210721 36888 4
178692 45848 4
418545 3810 4
12433 28423 4
375352 38476 4
264225 33070 4
331389 288929 4
92080 28423 4
121796 56151 4
172370 33070 4
350705 396200 4
232370 339878 4
136957 33070 4
30967 176965 4
361659 45848 4
92248 57867 4
44025 45848 4
421348 123383 4
111534 28423 4
411632 28423 4
212751 28423 4
268081 28423 4
88725 339878 4
234517 56151 4
80089 17752 4
994 28423 4
173614 419078 4
192566 53717 4
271494 11981 4
429079 28423 4
231058 396200 4
139818 435752 4
345221 28423 4
215155 123198 4
7052 28423 4
104112 28423 4
156417 2679 4
433173 225131 4
297965 28423 4
273865 28423 4
339150 28423 4
364036 8598 4
43380 28423 4
423936 56151 4
116098 56151 4
9729 379068 4
248092 259969 4
187548 33070 4
423036 259564 4
181772 231858 4
399617 28423 4
384574 56151 4
261590 288253 4
252280 119513 4
385239 7052 4
237914 288369 4
252437 21735 4
357098 28423 4
350261 66544 4
25694 397322 4
273002 28423 4
219345 52155 4
50416 56151 4
421045 45848 4
116778 413508 4
346025 45848 4
316077 392493 4
107503 28423 4
224471 176965 4
265535 28423 4
69812 28423 4
193707 288253 4
356392 37581 4
69812 56151 4
155293 28423 4
230525 180046 4
113085 56151 4
34817 28423 4
212039 178820 4
305829 177932 4
19339 122250 4
428815 56151 4
43535 33070 4
289016 159967 4
106315 28423 4
10186 28423 4
390534 45848 4
283895 28423 4
420946 57764 4
187548 56151 4
15776 28423 4
353577 28423 4
122155 28423 4
346508 56151 4
351183 28423 4
136116 159154 4
268106 56151 4
218440 382278 4
324139 31483 4
395365 3930 4
122633 28423 4
356175 28423 4
1444 28423 4
454956 236419 4
102733 28423 4
54548 28423 4
16649 28423 4
47415 28423 4
419556 32131 4
67219 56151 4
60320 387756 4
336998 28423 4
58430 28423 4
281506 28423 4
255793 31483 4
49498 28423 4
230681 28423 4
455688 252490 4
361841 217637 4
49634 28423 4
19235 339737 4
131880 419078 4
336398 8598 4
41085 56151 4
228520 187889 4
112796 28423 4
116225 56151 4
243583 217167 4
428977 28423 4
70791 28423 4
349852 176074 4
209589 349918 4
95092 28423 4
247236 28423 4
437987 28423 4
47863 4807 4
425313 123198 4
351152 66544 4
339878 18239 4
297980 56151 4
300818 180046 4
184430 28423 4
57445 155989 4
257481 28423 4
301858 237900 4
150733 56824 4
81388 56151 4
238303 33070 4
177157 455350 4
101117 56151 4
349978 28423 4
423522 28423 4
410892 82595 4
361659 164103 4
325704 45848 4
307940 236419 4
210721 28423 4
259969 56151 4
47830 28423 4
224471 443834 4
104226 28423 4
336483 219783 4
446919 421744 4
139478 177932 4
262167 28423 4
84681 28423 4
182138 124196 4
331801 313619 4
169032 28423 4
149934 28423 4
448437 32280 4
277793 45848 4
176598 28423 4
64950 379068 4
344727 28423 4
337149 28423 4
194128 28423 4
36165 28423 4
384114 427048 4
180690 28423 4
213875 330897 4
252490 28423 4
226042 176965 4
99696 28423 4
234479 23866 4
440089 80089 4
189264 180046 4
335210 28423 4
443200 28423 4
295897 321280 4
439298 31483 4
416105 56151 4
410399 28423 4
50038 28423 4
54376 28423 4
354230 28423 4
294476 28423 4
418842 28423 4
261147 23884 4
388458 45848 4
203861 129688 4
96432 56151 4
324025 413724 4
97964 4807 4
335485 28423 4
109106 36502 4
349219 33070 4
91077 56151 4
452926 28423 4
230026 28423 4
32769 56151 4
380967 339878 4
99579 28423 4
284136 17801 4
29906 36502 4
192020 62601 4
153450 282495 4
361779 339878 4
304335 30967 4
168117 33070 4
92230 56151 4
445730 104912 4
258468 29638 4
196806 187889 4
405221 146812 4
84981 28423 4
235782 210259 4
140956 54380 4
122739 180046 4
2415 236681 4
68194 155199 4
58802 4807 4
371658 9141 4
99494 56824 4
54255 28423 4
112725 180046 4
121559 28423 4
181200 28423 4
396433 329726 4
429540 195871 4
379836 159967 4
104134 177932 4
207361 88254 4
323483 28423 4
379068 28423 4
422006 4807 4
395374 199051 4
103739 28423 4
321280 176965 4
93049 419078 4
116135 164103 4
133567 176965 4
364989 28423 4
121859 31483 4
203530 31483 4
311015 54380 4
138484 28423 4
164893 28423 4
410286 354166 4
116178 45848 4
19634 195745 4
90381 34914 4
411902 76958 4
237739 417614 4
154372 340802 4
248285 180046 4
229244 96819 4
384047 388400 4
423336 56151 4
438401 28423 4
321280 34914 4
434945 28423 4
282507 28423 4
213324 195745 4
139818 703 4
4382 28423 4
149565 33070 4
253017 56151 4
358391 45848 4
322099 50328 4
166227 66359 4
377542 23364 4
332124 31043 4
204765 178770 4
348309 28423 4
145585 28423 4
101393 28423 4
4982 28423 4
408367 215449 4
186405 28423 4
366427 28423 4
312928 36502 4
53472 28423 4
364674 28423 4
279292 28423 4
56444 419078 4
270302 28423 4
83330 28423 4
273353 28423 4
255191 176248 4
116609 56151 4
58944 45848 4
47832 28423 4
171846 56750 4
300981 56151 4
12433 339737 4
179380 217637 4
383112 56151 4
275086 4807 4
68194 176965 4
237946 379068 4
451912 56151 4
198883 56151 4
240188 28423 4
105792 28423 4
352283 445836 4
232315 56151 4
422338 28423 4
84981 56151 4
179096 90381 4
14012 4807 4
75809 28423 4
299661 419078 4
360393 28423 4
447465 28423 4
30220 45848 4
179247 2977 4
105428 28423 4
381332 28423 4
370387 312117 4
296224 66544 4
195792 41738 4
263757 419078 4
211978 180046 4
106031 214034 4
60195 45848 4
400017 375547 4
378526 56151 4
72435 112651 4
243418 453527 4
332519 28423 4
182843 28423 4
272969 50510 4
438544 180046 4
221357 56151 4
308328 176965 4
95309 28423 4
110450 170546 4
436078 361841 4
393901 28423 4
50438 4807 4
58944 56151 4
298536 33070 4
353046 56151 4
288741 28423 4
372158 9030 4
132753 67164 3
324139 45848 3
40937 278 3
32554 201953 3
249359 244571 3
133199 33070 3
407620 5152 3
101604 28423 3
452820 28423 3
444570 181200 3
140497 259564 3
51821 45848 3
43535 34914 3
22922 28423 3
310192 66544 3
166223 45848 3
327842 28423 3
274394 176965 3
306883 56151 3
79496 56151 3
63969 28423 3
206452 254424 3
159491 28423 3
419786 217637 3
308548 42968 3
451889 2853 3
356394 28423 3
431174 165652 3
247370 28423 3
404821 241572 3
22596 28423 3
62603 28423 3
59556 28423 3
29123 141943 3
407134 65649 3
163846 185261 3
97001 264225 3
230877 180046 3
315773 7052 3
7946 45848 3
14197 28423 3
109117 28423 3
190782 56151 3
270725 282174 3
332761 192956 3
26325 56151 3
231835 28423 3
294115 28423 3
288619 244117 3
425882 396200 3
273606 28423 3
307268 141943 3
436907 45398 3
254682 181627 3
360702 273955 3
247899 180046 3
377172 28423 3
234408 142217 3
397322 28423 3
304172 39938 3
268765 4807 3
163273 280902 3
158026 56151 3
232002 443834 3
29101 4807 3
177978 89157 3
413000 396200 3
246743 28423 3
410388 303420 3
287159 28423 3
333602 358031 3
68820 45848 3
159236 28423 3
119095 95364 3
409574 126940 3
315773 28423 3
53305 6098 3
402696 1206 3
38341 16311 3
194778 177932 3
353001 176965 3
250577 426077 3
98480 65649 3
131315 56151 3
132603 52751 3
372709 337371 3
181200 56151 3
433340 28423 3
249038 146626 3
134292 28423 3
155342 119120 3
327449 125662 3
125528 28423 3
285029 28423 3
126357 118581 3
237940 63072 3
122210 56151 3
372397 70053 3
167870 119513 3
324996 225991 3
122809 348845 3
203928 56151 3
286950 66874 3
347608 45848 3
131426 28423 3
90063 45848 3
42643 56151 3
348921 28423 3
444570 28423 3
232978 33070 3
442962 176965 3
140757 28423 3
17024 28423 3
441333 330442 3
303807 28423 3
403510 436649 3
364476 43744 3
194800 28423 3
442583 56151 3
502 355851 3
112155 45848 3
374656 21456 3
330010 56151 3
396880 10294 3
212113 175834 3
37467 45848 3
366508 50369 3
71226 223399 3
368770 259564 3
77172 80135 3
239984 23364 3
452101 45848 3
49008 2977 3
231521 28423 3
264010 56151 3
432299 33070 3
411016 28423 3
143084 120549 3
129479 28423 3
45848 28423 3
197895 388400 3
346887 290581 3
108937 221572 3
155458 212907 3
279051 28423 3
265715 28423 3
326506 28423 3
39703 28423 3
37466 28423 3
178749 55119 3
142888 28423 3
178793 56151 3
259969 39210 3
57867 28423 3
235855 2977 3
409594 28423 3
292065 23364 3
47832 56151 3
111804 133718 3
299680 66544 3
386304 28423 3
211213 177932 3
1608 44644 3
146399 28423 3
386708 28423 3
79378 23364 3
371081 1987 3
288275 33070 3
254658 382257 3
244305 379778 3
289101 28423 3
261660 37746 3
24998 28423 3
196129 21360 3
197107 19700 3
29839 45848 3
208827 426077 3
142454 28423 3
115744 123198 3
394999 166782 3
306381 20634 3
358130 123383 3
87477 56151 3
353360 28423 3
152080 21360 3
328206 31483 3
286714 181200 3
242351 4807 3
328427 56151 3
178729 28423 3
184750 141220 3
107284 28423 3
167480 28423 3
361396 28423 3
160358 19366 3
89786 28423 3
110833 1492 3
448354 153614 3
403311 19780 3
167238 237900 3
382695 28423 3
235165 234174 3
26091 45848 3
440599 56824 3
12698 28423 3
155293 288253 3
384583 764 3
409574 159967 3
118473 31483 3
102426 703 3
132030 180046 3
399981 28423 3
99965 45848 3
357599 28423 3
156003 45848 3
318793 28423 3
172285 179588 3
42724 28423 3
39336 28423 3
157071 28423 3
317958 346240 3
198472 28423 3
318970 45848 3
127944 28423 3
93897 28423 3
255086 31483 3
338839 66544 3
245483 45848 3
268863 45848 3
430212 28423 3
28852 56151 3
362911 28423 3
259846 23364 3
350026 28423 3
436078 277852 3
57914 4807 3
57099 28423 3
414478 28423 3
155034 28423 3
296727 397322 3
132060 28423 3
48374 28423 3
122635 23364 3
359948 177932 3
195573 28423 3
151583 399440 3
403348 28423 3
293513 28423 3
202221 45848 3
395739 243069 3
394710 21360 3
51629 28423 3
26091 4807 3
212473 28423 3
256403 264225 3
310276 102731 3
227466 28423 3
276003 28423 3
6663 28423 3
186649 28423 3
260766 159967 3
213358 28423 3
241822 6805 3
201318 45573 3
424998 28423 3
174860 195745 3
141943 66544 3
29877 28423 3
101558 28423 3
250739 230717 3
157792 45848 3
231080 28423 3
325600 1206 3
290569 23364 3
11643 56151 3
450374 56824 3
26702 56151 3
279994 125642 3
20924 28423 3
292602 28423 3
20243 28423 3
71697 45848 3
7974 28423 3
355424 433955 3
312741 75769 3
69869 45848 3
386293 2645 3
73444 28423 3
140461 45848 3
395060 28423 3
422402 68695 3
70579 45848 3
431379 28423 3
183717 174101 3
331389 142722 3
170360 28423 3
301846 297434 3
39997 56151 3
160858 178770 3
176369 56151 3
170087 142400 3
277653 11981 3
179318 28423 3
30974 45848 3
346278 28423 3
383012 28423 3
274739 45848 3
277852 217637 3
89095 104912 3
326351 153614 3
200975 33070 3
447401 28423 3
85493 28423 3
412869 31483 3
354930 389525 3
52120 142816 3
346814 56151 3
282818 391074 3
257172 45848 3
288798 443834 3
2415 28423 3
313057 259564 3
412304 42968 3
162908 56824 3
411836 23364 3
221539 55119 3
170867 28423 3
245647 2977 3
36053 64845 3
422488 159967 3
333164 396200 3
211548 28423 3
448690 33070 3
64803 45848 3
262534 329726 3
235533 167375 3
17840 56151 3
82682 346240 3
38476 56151 3
399981 288253 3
362438 28423 3
192370 28423 3
435668 28423 3
133405 2679 3
336039 111586 3
44423 28423 3
234820 28423 3
407620 2548 3
428553 28423 3
34051 28423 3
241087 8598 3
411917 123198 3
165285 28423 3
115837 28423 3
384216 102731 3
275313 56824 3
329663 28423 3
432105 123383 3
364666 252114 3
373402 56151 3
389578 28423 3
25606 45848 3
344457 23866 3
181097 45848 3
172656 211495 3
233834 28423 3
34914 32443 3
7624 278840 3
387703 28423 3
177978 96819 3
427348 28423 3
305487 66544 3
134532 160960 3
336802 96603 3
163243 66544 3
319841 56151 3
163243 28423 3
145820 56151 3
50740 123198 3
121180 56151 3
328677 56151 3
81360 23364 3
383960 159351 3
283589 28423 3
377349 259564 3
246458 28423 3
60134 193154 3
378537 87774 3
238329 28423 3
124645 307317 3
157656 28423 3
232315 45848 3
287206 23364 3
5740 106377 3
344362 28423 3
307905 28423 3
204229 28423 3
119782 56151 3
30588 28423 3
411836 67164 3
243483 129782 3
381046 28423 3
258195 226080 3
392695 28423 3
11981 33070 3
192971 56151 3
452557 65649 3
272805 28423 3
367470 326379 3
316077 119513 3
403657 319475 3
449921 56151 3
278211 213667 3
9023 51629 3
112795 28423 3
169144 426745 3
44929 56151 3
36416 23364 3
259654 342513 3
113062 28423 3
63560 28423 3
393650 23364 3
274816 11981 3
12155 66544 3
339878 31483 3
176506 280902 3
382253 28423 3
28936 28423 3
191400 28423 3
311214 404637 3
40004 397322 3
375156 180046 3
48787 56151 3
420172 45848 3
120030 319475 3
269055 28423 3
298435 28423 3
243327 56151 3
143202 162174 3
230972 9030 3
207806 377672 3
6166 330897 3
139818 7056 3
82385 172370 3
204141 28423 3
304654 9030 3
67831 28423 3
236878 319475 3
393389 34914 3
313095 56151 3
162149 28423 3
445925 413724 3
102426 27420 3
446043 9723 3
177824 28423 3
365810 223666 3
79183 56151 3
255719 435553 3
109397 56151 3
237900 114119 3
184404 45848 3
263690 180046 3
178257 28423 3
139818 8598 3
49823 1987 3
375804 443834 3
38525 19909 3
211495 45848 3
366202 56151 3
377182 2977 3
61980 28423 3
103785 45848 3
3527 28423 3
119782 28423 3
366934 4807 3
167121 56151 3
249718 45848 3
49253 28423 3
201136 28423 3
229713 28423 3
2679 56151 3
259718 21456 3
130513 28423 3
212470 123198 3
100405 28423 3
91140 45848 3
104702 68686 3
1555 88254 3
278479 28423 3
316474 28423 3
298440 28423 3
450366 164103 3
42926 28423 3
195336 28423 3
385325 45848 3
190564 28423 3
209362 28423 3
74770 45848 3
449130 23364 3
450244 39585 3
35713 28423 3
285353 56151 3
345011 22915 3
9830 180046 3
377776 28423 3
414352 36502 3
28273 28423 3
118893 176965 3
438649 45848 3
75353 28423 3
390534 403008 3
344815 346043 3
354742 158602 3
378526 44410 3
15205 209000 3
444572 120820 3
218048 28423 3
49823 2548 3
4871 33070 3
415106 45848 3
143259 86693 3
8998 56151 3
447909 28423 3
436461 28423 3
36416 39089 3
14012 176965 3
81718 28423 3
398007 2977 3
234408 80135 3
305585 2977 3
272807 36502 3
290456 28423 3
377710 28423 3
149895 9030 3
3418 33070 3
340489 227356 3
205756 4807 3
406302 28423 3
81290 28423 3
251208 56151 3
291124 28423 3
47415 336802 3
34551 28423 3
307885 28423 3
124162 28423 3
404464 313496 3
198472 176965 3
68323 28423 3
131204 28423 3
175534 159967 3
282355 45848 3
450163 9642 3
326353 45848 3
79862 28423 3
274624 144887 3
411366 344158 3
71706 28423 3
146417 45848 3
261590 8767 3
57928 28423 3
376551 28423 3
177588 28423 3
26313 56151 3
176506 16311 3
358916 166007 3
271481 50274 3
99579 43535 3
351800 2977 3
175845 195745 3
147809 28423 3
177780 28423 3
232765 180046 3
336172 88471 3
34494 28423 3
426449 170296 3
441525 45848 3
423343 22251 3
427856 437126 3
431424 159351 3
41154 15831 3
353125 45848 3
230424 159351 3
244531 45848 3
297406 56151 3
110469 28423 3
397241 23884 3
360963 28423 3
264747 23884 3
81732 37732 3
134559 92460 3
336512 28423 3
15684 33070 3
19965 88254 3
219345 215676 3
52027 56151 3
105143 9355 3
450163 144887 3
210832 98758 3
160358 288253 3
266679 421960 3
47167 56151 3
434450 28423 3
82370 4807 3
125967 339878 3
437875 159967 3
92286 28423 3
359755 104156 3
80831 80135 3
165509 176965 3
212113 31483 3
285906 159351 3
132090 46560 3
234408 55119 3
411584 386438 3
49780 437401 3
63784 4807 3
217861 303198 3
227606 28423 3
28626 2977 3
2624 28423 3
168529 45848 3
283895 379068 3
138888 45848 3
283862 330273 3
164638 158426 3
8935 28423 3
437858 395908 3
289080 178770 3
358842 22915 3
286866 33070 3
155923 132902 3
106861 28423 3
106612 288253 3
416384 28423 3
174101 34914 3
362591 28423 3
435173 28423 3
284416 28423 3
157290 56824 3
325059 414300 3
349609 88254 3
99708 28423 3
122635 66544 3
422097 56151 3
342629 4807 3
24650 28423 3
354224 45848 3
243160 37915 3
166843 176965 3
361659 23364 3
325978 54380 3
309326 54380 3
81360 33070 3
209328 8459 3
248710 45848 3
135353 44648 3
291262 28423 3
431335 223399 3
200909 268 3
179142 57251 3
196914 56151 3
323551 354523 3
140116 28423 3
403434 28423 3
88554 107175 3
133708 376114 3
422006 432299 3
66616 28423 3
200127 55119 3
346177 34914 3
59763 23364 3
414779 117897 3
45286 28423 3
380967 344158 3
319019 176965 3
430621 28423 3
187269 56151 3
224525 397322 3
254262 28423 3
414907 28423 3
425639 56151 3
400537 401377 3
365972 28423 3
304172 88254 3
126191 28423 3
52764 56151 3
131315 32280 3